10
SS CAP_BY_CAP
REMOVE 15 41 92 1 15 64 48 21 3 24 63 76 81 65 59 1 13 68 67 6 73 55 66 93 32 97 56 68 55 53 97 55 78 58 70 10 99 2 8 18 90 95 53 35 20 78 33 51 48 85 9 41 91 45 10 33 29 2 39 60 19 4 48 15 82 96 21 30 79 73 47 63 71 34 22 11 100 68 34 19 28 48 56 83 91 35 53 66 43 77 32 26 65 31 82 37 75 61 89 59
REMOVE 73 8 60 29 22 38 50 93 84 50 20 84 72 57 23 48 83 54 83 1 43 46 82 33 61 23 53 82 62 83 32 87 45 34 35 87 36 81 95 82 98 60 68 74 97 45 78 10 51 56 85 42 61 97 81 76 60 93 37 80 85 80 41 54 9 10 28 92 65 18 97 49 86 20 5 89 86 50 14 48 3 16 70 72 49 83 63 93 6 74 5 48 16 72 68 33 92 92 92 48
GC
GS
ADD 1 2 3 4 5 6 7 8 9 10 11 12 13 14 15 16 17 18 19 20 21 22 23 24 25 26 27 28 29 30 31 32 33 34 35 36 37 38 39 40 41 42 43 44 45 46 47 48 49 50 51 52 53 54 55 56 57 58 59 60 61 62 63 64 65 66 67 68 69 70 71 72 73 74 75 76 77 78 79 80 81 82 83 84 85 86 87 88 89 90 91 92 93 94 95 96 97 98 99 100
SS LOG
ADD 1 2 3 4 5 6 7 8 9 10 11 12 13 14 15 16 17 18 19 20 21 22 23 24 25 26 27 28 29 30 31 32 33 34 35 36 37 38 39 40 41 42 43 44 45 46 47 48 49 50 51 52 53 54 55 56 57 58 59 60 61 62 63 64 65 66 67 68 69 70 71 72 73 74 75 76 77 78 79 80 81 82 83 84 85 86 87 88 89 90 91 92 93 94 95 96 97 98 99 100
GC
GS