200
SS LOG
ADD 1 2 3 4 5 6 7 8 9 10 11 12 13 14 15 16 17 18 19 20 21 22 23 24 25 26 27 28 29 30 31 32 33 34 35 36 37 38 39 40 41 42 43 44 45 46 47 48 49 50 51 52 53 54 55 56 57 58 59 60 61 62 63 64 65 66 67 68 69 70 71 72 73 74 75 76 77 78 79 80 81 82 83 84 85 86 87 88 89 90 91 92 93 94 95 96 97 98 99 100
ADD 1 2 3 4 5 6 7 8 9 10 11 12 13 14 15 16 17 18 19 20 21 22 23 24 25 26 27 28 29 30 31 32 33 34 35 36 37 38 39 40 41 42 43 44 45 46 47 48 49 50 51 52 53 54 55 56 57 58 59 60 61 62 63 64 65 66 67 68 69 70 71 72 73 74 75 76 77 78 79 80 81 82 83 84 85 86 87 88 89 90 91 92 93 94 95 96 97 98 99 100
ADD 1 2 3 4 5 6 7 8 9 10 11 12 13 14 15 16 17 18 19 20 21 22 23 24 25 26 27 28 29 30 31 32 33 34 35 36 37 38 39 40 41 42 43 44 45 46 47 48 49 50 51 52 53 54 55 56 57 58 59 60 61 62 63 64 65 66 67 68 69 70 71 72 73 74 75 76 77 78 79 80 81 82 83 84 85 86 87 88 89 90 91 92 93 94 95 96 97 98 99 100
ADD 1 2 3 4 5 6 7 8 9 10 11 12 13 14 15 16 17 18 19 20 21 22 23 24 25 26 27 28 29 30 31 32 33 34 35 36 37 38 39 40 41 42 43 44 45 46 47 48 49 50 51 52 53 54 55 56 57 58 59 60 61 62 63 64 65 66 67 68 69 70 71 72 73 74 75 76 77 78 79 80 81 82 83 84 85 86 87 88 89 90 91 92 93 94 95 96 97 98 99 100
ADD 1 2 3 4 5 6 7 8 9 10 11 12 13 14 15 16 17 18 19 20 21 22 23 24 25 26 27 28 29 30 31 32 33 34 35 36 37 38 39 40 41 42 43 44 45 46 47 48 49 50 51 52 53 54 55 56 57 58 59 60 61 62 63 64 65 66 67 68 69 70 71 72 73 74 75 76 77 78 79 80 81 82 83 84 85 86 87 88 89 90 91 92 93 94 95 96 97 98 99 100
ADD 1 2 3 4 5 6 7 8 9 10 11 12 13 14 15 16 17 18 19 20 21 22 23 24 25 26 27 28 29 30 31 32 33 34 35 36 37 38 39 40 41 42 43 44 45 46 47 48 49 50 51 52 53 54 55 56 57 58 59 60 61 62 63 64 65 66 67 68 69 70 71 72 73 74 75 76 77 78 79 80 81 82 83 84 85 86 87 88 89 90 91 92 93 94 95 96 97 98 99 100
ADD 1 2 3 4 5 6 7 8 9 10 11 12 13 14 15 16 17 18 19 20 21 22 23 24 25 26 27 28 29 30 31 32 33 34 35 36 37 38 39 40 41 42 43 44 45 46 47 48 49 50 51 52 53 54 55 56 57 58 59 60 61 62 63 64 65 66 67 68 69 70 71 72 73 74 75 76 77 78 79 80 81 82 83 84 85 86 87 88 89 90 91 92 93 94 95 96 97 98 99 100
ADD 1 2 3 4 5 6 7 8 9 10 11 12 13 14 15 16 17 18 19 20 21 22 23 24 25 26 27 28 29 30 31 32 33 34 35 36 37 38 39 40 41 42 43 44 45 46 47 48 49 50 51 52 53 54 55 56 57 58 59 60 61 62 63 64 65 66 67 68 69 70 71 72 73 74 75 76 77 78 79 80 81 82 83 84 85 86 87 88 89 90 91 92 93 94 95 96 97 98 99 100
ADD 1 2 3 4 5 6 7 8 9 10 11 12 13 14 15 16 17 18 19 20 21 22 23 24 25 26 27 28 29 30 31 32 33 34 35 36 37 38 39 40 41 42 43 44 45 46 47 48 49 50 51 52 53 54 55 56 57 58 59 60 61 62 63 64 65 66 67 68 69 70 71 72 73 74 75 76 77 78 79 80 81 82 83 84 85 86 87 88 89 90 91 92 93 94 95 96 97 98 99 100
ADD 1 2 3 4 5 6 7 8 9 10 11 12 13 14 15 16 17 18 19 20 21 22 23 24 25 26 27 28 29 30 31 32 33 34 35 36 37 38 39 40 41 42 43 44 45 46 47 48 49 50 51 52 53 54 55 56 57 58 59 60 61 62 63 64 65 66 67 68 69 70 71 72 73 74 75 76 77 78 79 80 81 82 83 84 85 86 87 88 89 90 91 92 93 94 95 96 97 98 99 100
GC
GS
ADD 1 2 3 4 5 6 7 8 9 10 11 12 13 14 15 16 17 18 19 20 21 22 23 24 25 26 27 28 29 30 31 32 33 34 35 36 37 38 39 40 41 42 43 44 45 46 47 48 49 50 51 52 53 54 55 56 57 58 59 60 61 62 63 64 65 66 67 68 69 70 71 72 73 74 75 76 77 78 79 80 81 82 83 84 85 86 87 88 89 90 91 92 93 94 95 96 97 98 99 100
ADD 1 2 3 4 5 6 7 8 9 10 11 12 13 14 15 16 17 18 19 20 21 22 23 24 25 26 27 28 29 30 31 32 33 34 35 36 37 38 39 40 41 42 43 44 45 46 47 48 49 50 51 52 53 54 55 56 57 58 59 60 61 62 63 64 65 66 67 68 69 70 71 72 73 74 75 76 77 78 79 80 81 82 83 84 85 86 87 88 89 90 91 92 93 94 95 96 97 98 99 100
ADD 1 2 3 4 5 6 7 8 9 10 11 12 13 14 15 16 17 18 19 20 21 22 23 24 25 26 27 28 29 30 31 32 33 34 35 36 37 38 39 40 41 42 43 44 45 46 47 48 49 50 51 52 53 54 55 56 57 58 59 60 61 62 63 64 65 66 67 68 69 70 71 72 73 74 75 76 77 78 79 80 81 82 83 84 85 86 87 88 89 90 91 92 93 94 95 96 97 98 99 100
ADD 1 2 3 4 5 6 7 8 9 10 11 12 13 14 15 16 17 18 19 20 21 22 23 24 25 26 27 28 29 30 31 32 33 34 35 36 37 38 39 40 41 42 43 44 45 46 47 48 49 50 51 52 53 54 55 56 57 58 59 60 61 62 63 64 65 66 67 68 69 70 71 72 73 74 75 76 77 78 79 80 81 82 83 84 85 86 87 88 89 90 91 92 93 94 95 96 97 98 99 100
ADD 1 2 3 4 5 6 7 8 9 10 11 12 13 14 15 16 17 18 19 20 21 22 23 24 25 26 27 28 29 30 31 32 33 34 35 36 37 38 39 40 41 42 43 44 45 46 47 48 49 50 51 52 53 54 55 56 57 58 59 60 61 62 63 64 65 66 67 68 69 70 71 72 73 74 75 76 77 78 79 80 81 82 83 84 85 86 87 88 89 90 91 92 93 94 95 96 97 98 99 100
GC
GS
REMOVE 15 41 92 1 15 64 48 21 3 24 63 76 81 65 59 1 13 68 67 6 73 55 66 93 32 97 56 68 55 53 97 55 78 58 70 10 99 2 8 18 90 95 53 35 20 78 33 51 48 85 9 41 91 45 10 33 29 2 39 60 19 4 48 15 82 96 21 30 79 73 47 63 71 34 22 11 100 68 34 19 28 48 56 83 91 35 53 66 43 77 32 26 65 31 82 37 75 61 89 59
REMOVE 73 8 60 29 22 38 50 93 84 50 20 84 72 57 23 48 83 54 83 1 43 46 82 33 61 23 53 82 62 83 32 87 45 34 35 87 36 81 95 82 98 60 68 74 97 45 78 10 51 56 85 42 61 97 81 76 60 93 37 80 85 80 41 54 9 10 28 92 65 18 97 49 86 20 5 89 86 50 14 48 3 16 70 72 49 83 63 93 6 74 5 48 16 72 68 33 92 92 92 48
REMOVE 24 1 28 33 61 34 83 88 87 83 91 39 56 92 87 30 16 21 34 76 2 10 75 31 22 49 48 43 85 91 8 13 60 8 3 24 54 99 81 33 97 42 81 71 88 86 8 27 16 99 18 97 86 10 72 94 58 58 6 37 98 83 24 89 78 84 73 70 63 79 27 94 5 65 59 80 58 7 32 3 89 2 32 45 60 5 93 18 55 47 13 82 34 3 32 73 22 96 54 72
REMOVE 67 31 85 41 13 53 14 17 35 51 33 37 59 41 76 73 100 91 76 61 25 33 48 8 16 26 69 28 72 37 30 26 61 24 50 44 90 99 27 65 16 21 58 52 89 12 15 74 78 92 2 2 23 83 54 31 70 76 75 99 47 63 7 79 44 62 89 79 1 40 10 59 26 57 70 42 16 75 67 8 31 19 64 96 71 85 92 3 77 94 35 5 71 10 67 13 52 53 85 86
REMOVE 94 63 87 13 98 52 21 77 76 62 58 23 87 97 2 46 51 77 37 7 3 53 90 5 49 29 7 96 14 31 60 11 44 76 63 78 82 16 77 56 77 56 35 52 7 86 55 2 61 2 74 74 100 74 74 20 99 7 97 59 79 45 14 10 75 70 83 85 92 75 53 15 47 86 47 39 100 76 8 30 61 1 10 74 4 67 62 14 35 14 69 47 53 21 1 23 36 63 63 60
GC
GS
REMOVE 93 99 11 53 87 44 55 92 1 66 53 61 2 55 48 78 78 73 6 78 38 50 29 26 67 51 70 39 79 25 47 66 78 91 15 29 51 3 11 43 36 72 16 38 68 16 33 3 62 49 1 23 13 72 95 69 7 3 25 50 89 2 68 37 100 73 76 48 48 75 63 19 86 13 25 50 18 24 8 27 24 50 46 58 16 82 54 55 75 6 72 90 13 34 81 89 83 56 10 19
REMOVE 65 13 10 61 50 64 30 42 12 27 45 44 6 59 55 66 42 35 66 3 26 56 6 85 12 97 47 17 98 19 17 21 11 88 58 96 48 100 40 39 32 26 26 47 28 48 26 95 4 51 73 73 28 76 83 78 36 89 94 9 15 70 16 91 94 38 71 65 41 22 96 5 15 84 73 25 24 93 12 34 63 10 88 76 10 3 4 6 72 51 63 53 49 96 97 10 61 79 37 17
REMOVE 80 4 35 39 90 60 70 97 93 17 21 3 58 44 25 26 7 20 46 22 98 87 31 16 16 63 36 92 20 78 25 74 57 29 68 80 42 91 18 1 35 14 2 54 41 44 29 83 49 28 90 87 7 67 21 78 30 48 4 39 10 85 31 48 71 98 88 38 79 41 84 70 68 91 81 81 43 51 4 96 49 86 1 48 10 90 25 80 54 54 26 92 74 65 73 75 5 92 3 92
REMOVE 83 97 67 70 34 83 21 77 70 82 79 42 78 29 62 35 89 66 38 60 18 51 5 73 74 7 37 73 85 13 51 11 93 32 42 24 38 76 34 16 87 94 68 50 6 2 1 37 80 39 53 7 83 99 9 79 38 100 83 81 74 58 56 46 61 56 36 6 5 46 82 24 93 18 7 77 88 26 58 17 16 84 11 28 21 72 87 81 14 81 64 68 60 93 24 97 61 13 47 10
REMOVE 46 44 32 91 7 46 65 99 74 31 99 54 40 25 78 56 54 6 28 42 64 20 84 70 73 47 88 48 83 1 28 99 81 45 69 85 31 94 13 58 39 15 74 60 38 20 34 27 2 67 66 33 55 82 32 8 60 36 94 19 49 97 13 99 18 41 34 47 74 44 33 35 77 56 13 41 3 33 62 96 94 93 18 68 30 19 100 68 61 65 24 95 89 97 72 59 57 30 58 57
REMOVE 27 97 43 18 46 97 82 41 27 95 47 57 42 60 43 50 19 79 19 47 61 89 32 34 22 43 59 4 41 73 82 48 55 12 87 11 72 2 35 93 34 10 11 29 10 51 85 59 52 47 68 48 77 92 2 75 19 78 72 44 27 11 89 53 95 33 12 94 95 63 99 42 90 93 91 71 59 84 93 23 52 90 1 12 5 82 51 44 48 59 70 6 75 48 84 60 61 47 64 11
REMOVE 72 43 87 72 28 26 96 89 25 96 54 2 27 41 67 39 51 20 48 8 88 53 85 82 91 43 96 55 76 96 94 89 62 32 75 84 12 33 46 43 41 14 84 17 83 43 32 80 81 18 25 89 79 62 16 52 47 9 55 100 77 93 23 68 27 57 18 88 63 95 35 93 38 82 12 32 47 85 14 86 21 65 12 61 47 48 60 85 45 98 52 46 26 38 64 64 94 55 2 14
REMOVE 10 70 68 50 97 50 97 82 9 98 18 51 25 94 22 81 97 23 71 20 9 4 60 75 93 18 76 32 3 1 80 69 41 69 66 66 30 12 36 55 26 47 62 89 49 73 3 84 76 46 24 21 54 10 18 70 40 70 44 88 99 77 49 83 76 28 53 40 24 18 43 28 80 95 64 85 7 43 62 85 56 82 59 47 70 69 44 76 75 40 43 4 45 2 7 97 38 42 75 15
REMOVE 80 43 48 14 60 52 28 41 92 5 59 96 33 54 85 29 14 30 49 23 35 94 12 92 64 22 51 24 91 95 67 48 41 61 63 29 29 40 27 93 17 3 40 77 54 98 40 38 100 51 26 70 71 84 69 69 73 40 30 64 98 23 90 44 59 3 88 25 75 14 91 85 8 31 17 99 84 69 37 50 23 85 16 40 99 18 27 24 83 36 23 29 82 57 83 29 4 28 38 60
REMOVE 83 29 98 18 72 48 47 95 28 72 86 87 89 92 41 24 49 47 27 65 13 4 17 50 97 55 32 5 32 90 35 24 7 35 97 28 86 63 55 8 74 67 52 100 20 64 54 96 54 62 46 18 31 23 68 40 53 43 8 89 2 25 72 83 14 12 41 20 59 10 50 68 78 47 93 88 50 68 31 42 31 95 23 100 81 33 57 92 37 44 16 56 37 4 76 40 31 78 40 12
REMOVE 14 22 79 73 45 53 12 5 36 22 17 74 31 23 76 38 90 82 85 75 20 21 1 39 78 65 6 41 40 88 12 24 71 28 65 34 17 81 48 17 98 3 15 54 29 38 49 6 84 54 74 66 7 34 100 1 61 58 74 41 53 38 49 38 52 11 36 25 22 68 15 78 7 53 8 53 33 99 70 21 40 5 14 92 8 100 39 13 59 84 67 13 40 11 9 66 51 98 12 51
REMOVE 93 36 98 34 70 40 49 29 26 10 22 77 28 92 41 18 8 15 15 74 33 26 89 35 15 79 2 65 68 4 19 14 2 17 56 64 3 70 83 37 99 55 89 19 82 85 5 34 28 85 93 56 92 85 12 28 15 38 40 15 36 26 89 87 57 82 37 78 6 15 66 90 7 88 31 86 9 93 47 45 6 71 26 8 29 1 21 34 74 96 48 11 28 96 40 65 34 23 28 77
REMOVE 35 57 7 70 3 86 22 74 12 16 88 24 40 83 81 83 29 38 85 29 67 48 54 45 12 44 89 29 23 35 5 66 95 28 90 37 92 96 1 57 46 68 75 66 34 52 69 57 34 15 88 26 35 4 80 79 84 9 44 43 80 31 69 66 84 51 97 74 11 60 99 93 24 67 18 36 63 92 100 9 81 50 79 94 11 16 23 95 38 81 14 94 51 51 86 21 29 7 40 76
REMOVE 16 49 52 58 84 13 95 69 34 61 85 79 34 92 5 81 19 91 67 64 5 83 58 86 71 57 84 93 3 99 9 27 14 16 96 4 13 27 25 85 46 100 98 40 88 94 85 16 99 51 7 79 46 16 83 58 82 76 29 56 25 79 65 24 84 64 59 4 79 72 49 89 99 49 77 100 19 34 23 68 11 89 39 54 60 76 54 100 78 65 2 14 39 80 90 30 30 49 11 5
REMOVE 72 44 39 9 25 30 38 15 1 76 27 62 76 60 45 13 52 71 12 21 54 47 95 39 91 66 70 72 49 6 31 41 76 76 96 66 58 45 52 34 21 75 84 93 48 3 76 4 65 87 88 13 42 40 41 11 93 74 73 67 6 36 86 41 33 95 76 99 49 48 13 27 23 93 5 78 7 7 67 52 6 87 40 26 63 33 52 67 68 20 75 22 69 80 34 20 49 88 27 57
GC
GS
