MINHEAP 1500 1614 801 190 1253 509 1088 1497 1980 1532 1055 846 975 552 1151 1433 1272 1221 1232 796 1295 934 798 1524 465 496 1797 1734 957 1858 1196 1924 1214 1539 576 1891 1568 747 25 457 1385 396 31 1577 1503 449 1574 74 895 1894 706 483 990 1772 1137 1161 1144 1808 925 29 691 1115 512 1796 1608 774 1678 246 1507 1527 732 1945 818 1974 1241 740 1287 1339 1500 1203 624 883 696 174 236 786 1028 59 594 238 1460 317 123 1924 317 342 1106 1209 1146 1218 818 404 704 1350 1850 1123 57 888 613 387 1351 1137 1916 1660 1120 907 1927 1063 121 142 1541 1747 1836 107 291 957 920 1869 286 526 787 36 1694 1027 1418 183 1934 1564 392 1024 1831 1187 1806 1804 381 1458 1300 1495 1164 1496 1736 1316 1301 1532 1356 1613 577 494 916 1964 1475 732 1376 1273 866 1705 1752 1736 247 1809 895 1905 1247 1613 22 198 1864 978 501 340 830 1102 785 1605 1223 1463 1732 1274 80 1213 8 600 1064 1107 1579 280 1935 1863 1480 1678 1399 1981 134 1260 1552 875 543 514 1329 478 660 1541 832 1846 1595 330 1731 1635 1541 825 1244 1662 574 1766 1498 1418 1263 663 1267 906 1353 1860 188 127 627 376 1083 932 198 1384 831 1066 390 1911 1182 62 1354 586 198 1186 1375 786 1998 1024 7 568 111 1466 1941 38 1387 1459 481 324 748 1994 1227 354 1916 448 1957 1381 502 496 437 1216 1259 380 350 994 1714 169 1422 1780 126 690 1564 21 1707 1508 562 648 1747 1064 801 603 614 148 1865 244 425 1821 1313 1628 753 1037 452 358 1242 1802 155 1859 1773 56 932 1096 1211 658 1592 860 1813 489 1762 1054 1257 1384 873 1831 1605 1978 495 1125 1443 146 1734 1109 1757 197 1692 421 509 1415 20 1663 1871 1744 745 1816 1694 1224 160 1066 1803 375 1547 258 1008 1150 1322 1672 433 1191 5 613 151 608 573 712 8 221 112 1925 1946 1394 1157 937 1509 366 1128 26 814 49 1859 976 335 361 1942 1403 250 170 1712 1796 1734 104 28 1333 569 901 744 1659 1571 430 336 680 1378 537 29 234 882 190 1973 921 869 636 1254 1001 1236 1310 1759 1863 543 746 152 1541 1341 863 1971 1641 362 984 180 1784 1440 1526 1678 1547 974 1277 1422 1637 1988 353 1164 1043 817 432 1220 1809 1250 1015 1651 580 1365 812 541 1294 1111 508 1209 1444 298 1816 1326 1072 1302 1283 59 869 1261 1156 1308 1559 1380 103 1923 946 1662 1092 1221 1748 1947 402 179 103 1996 1219 394 314 889 1462 1423 1002 15 654 812 742 1554 1477 202 813 700 492 1169 1837 908 1825 1210 1812 985 444 293 1308 1598 1519 787 1842 580 1272 1300 605 260 1661 1792 1015 1240 1002 785 897 1127 657 454 448 1166 224 1793 1460 429 997 17 386 360 958 1730 583 1357 837 1066 1535 1420 484 1336 1329 1198 554 1778 417 558 1112 1313 1408 1724 1168 1497 743 906 824 974 364 1197 1237 1888 740 672 12 1128 505 1036 1538 1254 494 1305 1944 788 1431 1873 1526 1522 1823 982 1907 555 1283 1792 1111 158 1819 1759 1638 881 1789 1675 835 1698 1608 820 777 805 423 1200 241 1483 673 1625 433 1032 1754 983 1431 536 295 473 336 1457 1554 1160 226 1420 1040 930 1582 1160 1249 1220 1541 1517 883 1686 272 123 738 1240 1357 539 1070 860 1037 1631 1501 1400 948 1102 1200 1702 1199 1194 1716 307 304 1354 1007 1506 1173 867 1305 84 1756 1992 380 470 77 387 623 1574 1077 323 870 1130 1286 299 793 856 641 1428 962 1936 344 1018 1664 998 83 305 218 237 1036 1577 1150 1554 547 1868 1781 1500 777 1982 626 1966 403 636 630 216 561 1898 1994 1837 996 1917 986 1670 1487 1781 452 101 448 6 261 638 1306 581 557 1045 551 987 1498 217 713 474 553 1707 1801 1493 86 189 1257 546 709 414 1175 1355 961 560 1452 408 348 1 1143 750 1730 604 1582 254 865 334 1979 1943 422 164 1068 442 1136 487 1235 1584 1403 567 1510 1319 1402 96 1714 74 1124 649 1557 1667 504 198 758 448 1503 110 443 507 1247 1879 48 1249 454 1330 296 1999 517 1604 37 1685 501 408 688 911 1943 1314 75 1817 102 345 1565 1559 368 346 248 1822 1148 1597 1260 1587 1009 218 1277 1196 1271 363 653 897 151 1036 1746 386 1471 446 156 1997 321 130 208 1476 972 1123 624 411 53 1825 1082 691 805 527 286 886 72 707 1978 905 502 707 182 376 1200 457 327 1889 1678 1796 1212 542 275 455 568 756 386 1743 1762 1170 99 1042 1617 1532 88 1973 745 317 1174 1441 1732 718 622 1593 1296 1291 1887 877 1018 1307 996 982 360 234 64 1081 1875 1747 1667 1655 364 551 311 1374 39 1413 1505 343 1967 1648 1696 677 564 1487 989 689 1812 707 482 1332 1355 1904 1311 1867 1342 1358 1813 822 1073 1315 896 1490 1770 181
DEL 15
DEL 1459
DEL 1399
DEL 1790
DEL 1059
DEL 1683
DEL 716
DEL 1455
DEL 1245
DEL 1882
DEL 1892
DEL 1976
DEL 1571
ADD 1917
DEL 1592
DEL 1789
DEL 763
DEL 782
DEL 484
DEL 1036
DEL 1419
DEL 1504
DEL 175
DEL 1561
DEL 94
DEL 1282
DEL 641
DEL 1785
DEL 1795
DEL 986
DEL 1943
ADD 514
ADD 656
DEL 1125
DEL 1302
DEL 1354
DEL 156
DEL 1864
ADD 767
ADD 975
DEL 317
DEL 1856
DEL 957
DEL 17
DEL 198
DEL 1419
DEL 81
DEL 1187
DEL 729
DEL 40
DEL 1496
DEL 909
DEL 1611
DEL 956
DEL 561
DEL 1250
ADD 363
DEL 1435
DEL 1333
DEL 98
DEL 305
DEL 1539
ADD 158
DEL 353
DEL 1524
DEL 334
DEL 638
DEL 301
ADD 860
DEL 69
DEL 576
DEL 30
DEL 596
DEL 253
DEL 1703
DEL 1902
DEL 180
DEL 425
DEL 1444
DEL 1522
DEL 173
DEL 1779
DEL 29
DEL 235
DEL 456
DEL 1825
DEL 1479
DEL 843
DEL 1058
DEL 1243
DEL 1356
DEL 515
DEL 1544
DEL 1424
DEL 1098
DEL 45
DEL 1125
DEL 1076
DEL 882
DEL 1313
DEL 1787
DEL 590
ADD 674
DEL 355
DEL 1394
DEL 1620
DEL 1414
DEL 1768
DEL 1889
DEL 891
DEL 1035
ADD 1687
ADD 664
ADD 309
PRINT
SORT