MAXHEAP 1000 142 1457 1808 819 1197 1262 1994 349 1364 278 438 356 424 1865 15 1825 1749 1829 1938 809 1746 437 1070 185 1983 359 1658 1151 509 93 871 1178 1995 1164 856 1377 297 735 1549 285 331 579 1105 899 650 1422 1235 655 682 334 559 819 344 667 79 38 1592 117 983 606 75 1925 942 737 1494 1745 71 1970 718 1164 635 1880 831 1291 1347 729 1704 1740 197 1659 1235 213 1851 666 1295 76 1986 1906 1509 1085 1827 305 1383 136 346 1557 420 75 685 777 267 955 1656 520 556 664 574 2 809 1191 695 281 1778 1086 376 1649 1447 1720 671 1645 1875 973 1159 1191 454 1355 1548 1708 164 420 1550 1512 630 1187 674 1725 1916 472 322 225 1765 507 1731 1173 397 1362 1114 172 1434 520 582 1580 1982 1717 1980 1730 450 809 1894 1261 183 1590 267 847 1612 846 1558 1047 1491 1697 1071 1714 528 138 970 911 89 1512 425 642 1269 1573 720 1032 962 443 399 712 448 1788 1485 1780 770 294 315 921 623 643 209 1335 1478 1413 299 530 329 736 1892 528 135 485 126 1821 1339 1952 976 1269 1189 1328 224 164 1135 1986 1566 1119 1139 368 756 1553 696 1767 789 530 508 1686 318 396 1813 1119 581 1336 1608 308 1135 1469 1896 203 30 288 57 951 1688 174 1446 1314 634 185 824 1581 37 108 45 689 1641 1856 1949 1830 710 569 1815 50 1881 1691 506 11 287 133 250 1906 341 16 1179 953 1404 1385 1610 1236 134 891 1069 101 782 535 735 1349 1299 1550 1632 1987 1379 729 1134 1321 309 814 933 1545 766 282 1988 1408 1850 1553 564 307 1047 806 826 1403 814 652 219 143 716 163 599 1506 1917 1362 1642 428 144 1419 66 996 1043 1802 1276 74 544 622 581 1488 1025 1528 1942 1990 901 518 1399 600 1763 1208 948 1953 231 806 1284 668 9 1529 377 200 1052 1154 1434 943 1917 309 1032 1974 1169 736 507 1624 1154 639 1939 671 1121 1757 944 728 251 1892 1142 1006 531 949 254 1081 1610 1209 1859 1791 1901 1855 100 170 233 1322 859 1810 369 1009 396 599 1202 1633 540 798 6 1581 219 1512 1959 1147 231 1134 1876 756 361 326 1922 1489 925 1077 948 1930 41 1477 1800 113 192 1881 1584 740 456 60 11 949 1456 1740 836 1604 1601 1627 869 1501 689 1489 1105 888 119 1146 696 238 561 365 1125 798 865 1446 1536 1785 739 60 1214 188 1673 1992 375 732 1476 1168 993 866 56 1913 572 1921 210 401 30 1771 864 913 1597 1034 82 1845 1258 1226 1027 1344 661 1193 189 364 1937 1509 11 1098 1558 603 778 1213 1545 899 1681 991 1454 2 647 1913 21 201 1874 502 100 1022 805 1989 945 1781 873 1638 1961 444 89 1192 1403 1370 506 658 336 174 1795 1503 1834 1191 1763 1914 995 1233 654 1213 1620 1649 1724 624 483 1131 1280 329 1775 1596 1568 1050 317 138 1140 686 1895 660 1826 1400 74 1738 540 1068 1648 1152 1843 1288 1871 1816 1057 218 914 285 401 1020 903 1713 1130 670 1397 263 1376 1576 846 1082 464 1593 754 664 1944 614 1676 648 1886 1392 1078 1050 74 1220 1360 296 120 1768 1588 758 957 1102 595 1218 1903 325 794 1184 309 1451 221 421 1331 1133 1277 628 1305 166 504 317 904 388 1772 1932 576 1326 1041 1458 185 1265 94 1840 1355 423 1625 1180 1887 98 751 1059 1504 413 695 1147 315 1441 282 1811 1287 814 302 555 323 1314 1511 388 903 1170 1166 1272 1719 25 920 872 98 1870 1969 892 739 10 872 1030 1764 1319 236 1402 568 1123 1209 600 710 1518 1057 321 451 1889 549 1372 1474 206 1746 1652 1870 46 1458 1892 825 1370 806 1378 590 1244 143 1649 1298 994 18 1396 1406 115 1750 1260 1688 1466 1761 1342 1773 1721 1944 1285 1737 889 1646 1702 1856 1121 761 144 994 2000 981 1989 1580 1526 884 95 1696 1665 661 534 51 1156 26 1569 1329 1786 508 1866 991 166 1928 734 1323 865 198 270 1825 989 1603 1580 1390 1925 1984 675 422 216 701 1190 921 1225 1216 307 470 1924 1219 413 1686 828 243 80 1435 863 146 1444 27 954 1762 287 547 715 1029 263 516 884 1928 815 960 131 948 1240 1970 242 518 1948 1599 749 1443 520 466 1845 1977 1345 1800 1949 450 949 1573 1467 628 643 1111 215 1848 373 888 933 1722 1769 1422 1477 1122 1471 288 1879 1693 1829 1352 1251 1136 686 421 289 341 26 488 1995 1066 631 1727 568 196 1197 896 1333 105 489 1719 1128 648 1174 778 984 680 280 1148 325 1719 184 799 832 280 1091 92 310 1378 1942 1178 914 1850 403 1777 1934 1403 1023 1282 1801 1354 1778 533 967 1689 1141 1211 301 1195 60 905 470 855 1345 1646 1989 1560 200 1978 1140 1042 1542 1269 1654 1135 348 1007 653 989 1224 1533 897 687 151 1842 1521 883 23 1088 12 23 587 1060 1575
DEL 1188
DEL 413
DEL 310
DEL 409
DEL 1949
DEL 1450
DEL 1030
ADD 325
DEL 436
DEL 513
DEL 758
DEL 1440
DEL 1627
DEL 759
DEL 51
DEL 1532
DEL 1638
DEL 772
DEL 1392
DEL 1856
DEL 521
DEL 1899
DEL 1182
DEL 1313
DEL 1892
ADD 621
DEL 533
DEL 1751
DEL 369
DEL 981
DEL 1718
DEL 807
ADD 449
DEL 162
DEL 1716
DEL 428
DEL 1549
DEL 1094
DEL 1424
ADD 517
DEL 1865
DEL 34
DEL 1003
DEL 943
DEL 1246
DEL 1290
DEL 1504
DEL 918
ADD 794
ADD 986
DEL 1299
DEL 1809
DEL 1809
DEL 1601
DEL 238
DEL 1303
ADD 757
DEL 373
DEL 287
DEL 1322
DEL 205
DEL 1344
ADD 1333
DEL 1545
DEL 1838
DEL 252
DEL 1511
DEL 1266
ADD 1850
DEL 1614
DEL 977
DEL 819
DEL 1116
DEL 941
DEL 195
DEL 315
DEL 533
DEL 3
DEL 1492
DEL 717
DEL 751
ADD 222
DEL 1231
DEL 38
DEL 1657
DEL 1338
DEL 1679
DEL 657
DEL 610
DEL 1346
DEL 1263
DEL 1460
DEL 210
DEL 706
DEL 188
DEL 32
DEL 498
DEL 1386
DEL 854
DEL 1912
DEL 237
DEL 224
ADD 1028
DEL 771
DEL 1379
DEL 1680
DEL 1202
DEL 970
DEL 344
DEL 1072
DEL 1083
DEL 1712
DEL 452
DEL 591
PRINT
SORT