0 100 40
11 JOB 1 7369
22 JOB 2 7517
36 JOB 3 6181
55 JOB 4 8305
75 JOB 5 9228
87 JOB 6 4608
101 JOB 7 2428
117 JOB 8 9824
124 JOB 9 7971
131 JOB 10 8867
145 JOB 11 9441
163 JOB 12 5754
168 JOB 13 7826
170 PRINTQ
183 JOB 14 5946
184 JOB 15 3006
201 JOB 16 3099
216 JOB 17 8017
233 JOB 18 5705
233 JOB 19 9758
248 JOB 20 3816
265 JOB 21 9544
275 JOB 22 2613
287 JOB 23 3585
298 JOB 24 6067
308 JOB 25 6308
310 PRINTQ
313 JOB 26 2150
321 JOB 27 6673
325 JOB 28 5664
329 JOB 29 8973
345 JOB 30 5486
349 JOB 31 2739
354 JOB 32 8619
366 JOB 33 4937
373 JOB 34 8269
374 JOB 35 6444
381 JOB 36 7502
399 JOB 37 2553
414 JOB 38 4469
426 JOB 39 7099
433 JOB 40 3437
437 JOB 41 2923
437 JOB 42 3707
455 JOB 43 9720
465 JOB 44 3594
485 JOB 45 4700
495 JOB 46 3907
507 JOB 47 9158
515 JOB 48 5215
517 JOB 49 2277
526 JOB 50 2401
535 JOB 51 9906
544 JOB 52 4820
560 JOB 53 4668
563 JOB 54 7626
580 JOB 55 8450
580 JOB 56 6522
581 JOB 57 4511
594 JOB 58 7958
603 JOB 59 5800
620 JOB 60 6729
638 JOB 61 5781
643 JOB 62 5291
644 JOB 63 9109
659 JOB 64 5472
675 JOB 65 7737
683 JOB 66 9960
687 JOB 67 8241
690 JOB 68 5018
694 JOB 69 4746
710 JOB 70 5647
714 JOB 71 8571
716 JOB 72 4477
729 JOB 73 6763
730 JOB 74 4546
736 JOB 75 2024
746 JOB 76 3446
752 JOB 77 4631
754 JOB 78 3109
766 JOB 79 7164
783 JOB 80 5994
798 JOB 81 8095
804 JOB 82 2624
816 JOB 83 5380
830 JOB 84 2086
834 JOB 85 2863
853 JOB 86 8981
863 JOB 87 7566
874 JOB 88 7902
874 JOB 89 7670
877 JOB 90 9506
895 JOB 91 9858
903 JOB 92 3418
916 JOB 93 8976
918 JOB 94 2817
920 JOB 95 3932
927 JOB 96 6965
941 JOB 97 6805
953 JOB 98 4088
956 JOB 99 9914
956 JOB 100 5728
966 JOB 101 3970
966 JOB 102 8240
972 JOB 103 3875
978 JOB 104 2644
981 JOB 105 6669
998 JOB 106 2287
1002 JOB 107 2274
1020 JOB 108 9307
1038 JOB 109 5109
1049 JOB 110 5678
1056 JOB 111 4679
1073 JOB 112 8274
1081 JOB 113 9334
1086 JOB 114 3779
1102 JOB 115 4542
1109 JOB 116 3377
1127 JOB 117 9156
1135 JOB 118 4582
1152 JOB 119 9980
1165 JOB 120 5014
1174 JOB 121 2748
1192 JOB 122 7467
1206 JOB 123 7404
1210 JOB 124 8416
1216 JOB 125 7938
1224 JOB 126 8840
1226 JOB 127 2549
1226 JOB 128 6394
1244 JOB 129 4671
1249 JOB 130 8014
1252 JOB 131 9285
1255 JOB 132 3317
1262 JOB 133 2344
1270 JOB 134 5826
1289 JOB 135 8741
1289 JOB 136 5528
1301 JOB 137 2309
1318 JOB 138 7968
1319 JOB 139 2808
1322 JOB 140 2584
1338 JOB 141 2841
1349 JOB 142 5322
1356 JOB 143 7973
1376 JOB 144 2543
1390 JOB 145 7575
1394 JOB 146 2078
1410 JOB 147 5305
1426 JOB 148 4600
1446 JOB 149 8817
1460 JOB 150 9603
1464 JOB 151 7339
1475 JOB 152 7556
1479 JOB 153 5695
1481 JOB 154 5838
1484 JOB 155 8900
1498 JOB 156 4322
1503 JOB 157 6157
1517 JOB 158 3412
1537 JOB 159 6241
1538 JOB 160 8754
1544 JOB 161 6320
1551 JOB 162 8232
1562 JOB 163 7108
1573 JOB 164 8295
1581 JOB 165 4002
1590 JOB 166 5712
1591 JOB 167 4793
1611 JOB 168 7660
1617 JOB 169 4911
1624 JOB 170 6918
1634 JOB 171 9702
1649 JOB 172 7266
1663 JOB 173 4424
1678 JOB 174 7995
1694 JOB 175 5984
1705 JOB 176 5369
1711 JOB 177 4984
1722 JOB 178 2062
1732 JOB 179 2931
1737 JOB 180 5843
1751 JOB 181 2490
1765 JOB 182 4619
1779 JOB 183 2975
1781 JOB 184 7195
1782 JOB 185 2952
1790 JOB 186 3685
1792 JOB 187 3158
1797 JOB 188 3391
1809 JOB 189 7019
1817 JOB 190 7311
1826 JOB 191 7824
1827 JOB 192 3759
1835 JOB 193 9052
1855 JOB 194 3600
1873 JOB 195 3626
1886 JOB 196 8438
1900 JOB 197 9364
1914 JOB 198 7378
1933 JOB 199 6483
1942 JOB 200 4540
5000 PRINT 37
12000 PRINT 190
12000 PRINT 199